xmr .344 0.002604 0.1112
xrp 81.9 0.002618 0.03059104
neo 1.44 0.003224 0.061711
gvt 17.0 0.0 0.168093
eng 44.955 0.00446508 0.0088465
req 320.0 0.00316998 0.0496838
brd 47.0 0.00316521 0.0478
wabi 68.0 0.00454714 0.06505842
ven 50.0 0.00543314 0
omg 5 0 0.10081
elf 70.0 0.0 0.09848975
btg 0.12 0.0 0.0474
powr 40.0 0.0 0.0546236
snm 171.91 0.00286062 0.02795674
lend 550.411 0.001456 -0.03212784
ost 165.0 0.00080237 0.04873067
qtum 1 0 0.065576
mod 15 0 0.06603
poe 2000 0 0.0828
ark 8 0 0.074000
eth 0.21641585 0 0.21641585
